image_width: 320
image_height: 240
camera_name: cam_right
camera_matrix:
  rows: 3
  cols: 3
  data: [146.83188952784124, 0.0, 164.82785325673208, 0.0, 146.67878990675962, 118.48070683470219,
    0.0, 0.0, 1.0]
distortion_model: plumb_bob
distortion_coefficients:
  rows: 1
  cols: 5
  data: [-0.23890003576472882, 0.059718025389718175, 0.00021363048339863855, 0.0005524110832415308,
    -0.0070877450592992984]
rectification_matrix:
  rows: 3
  cols: 3
  data: [1.0, 0.0, 0.0, 0.0, 1.0, 0.0, 0.0, 0.0, 1.0]
projection_matrix:
  rows: 3
  cols: 4
  data: [146.83188952784124, 0.0, 164.82785325673208, 0.0, 0.0, 146.67878990675962,
    118.48070683470219, 0.0, 0.0, 0.0, 1.0, 0.0]
