image_width: 320
image_height: 240
camera_name: cam_left
camera_matrix:
  rows: 3
  cols: 3
  data: [151.0451405605299, 0.0, 158.88488415512296, 0.0, 150.7673413083123, 115.01102034725152,
    0.0, 0.0, 1.0]
distortion_model: plumb_bob
distortion_coefficients:
  rows: 1
  cols: 5
  data: [-0.2371284909517558, 0.055856406823222626, 0.0002874564377457604, 0.0002927867191127549,
    -0.005996761983044422]
rectification_matrix:
  rows: 3
  cols: 3
  data: [1.0, 0.0, 0.0, 0.0, 1.0, 0.0, 0.0, 0.0, 1.0]
projection_matrix:
  rows: 3
  cols: 4
  data: [151.0451405605299, 0.0, 158.88488415512296, 0.0, 0.0, 150.7673413083123,
    115.01102034725152, 0.0, 0.0, 0.0, 1.0, 0.0]
