image_width: 640
image_height: 480
camera_name: cam_front
camera_matrix:
  rows: 3
  cols: 3
  data: [483.31458986705735, 0.0, 340.11280807682294, 0.0, 483.5943630294724, 244.57071091545035,
    0.0, 0.0, 1.0]
distortion_model: plumb_bob
distortion_coefficients:
  rows: 1
  cols: 5
  data: [0.09828858341507195, -0.08210300127560886, 0.00032424168270258887, -0.0009350554541084023,
    -0.0964570287754551]
rectification_matrix:
  rows: 3
  cols: 3
  data: [1.0, 0.0, 0.0, 0.0, 1.0, 0.0, 0.0, 0.0, 1.0]
projection_matrix:
  rows: 3
  cols: 4
  data: [483.31458986705735, 0.0, 340.11280807682294, 0.0, 0.0, 483.5943630294724,
    244.57071091545035, 0.0, 0.0, 0.0, 1.0, 0.0]
