camera_matrix:
- - 293.6637790556825
  - 0.0
  - 329.65570651346417
- - 0.0
  - 293.35757981351924
  - 236.96141366940438
- - 0.0
  - 0.0
  - 1.0
dist_coeff:
- - -0.23890003576472882
  - 0.059718025389718175
  - 0.00021363048339863855
  - 0.0005524110832415308
  - -0.0070877450592992984
reprojection_error: 0.191134226840696
