camera_matrix:
- - 483.31458986705735
  - 0.0
  - 340.11280807682294
- - 0.0
  - 483.5943630294724
  - 244.57071091545035
- - 0.0
  - 0.0
  - 1.0
dist_coeff:
- - 0.09828858341507195
  - -0.08210300127560886
  - 0.00032424168270258887
  - -0.0009350554541084023
  - -0.0964570287754551
reprojection_error: 0.16929810926556532
