camera_matrix:
- - 302.0902811210598
  - 0.0
  - 317.7697683102459
- - 0.0
  - 301.5346826166246
  - 230.02204069450303
- - 0.0
  - 0.0
  - 1.0
dist_coeff:
- - -0.2371284909517558
  - 0.055856406823222626
  - 0.0002874564377457604
  - 0.0002927867191127549
  - -0.005996761983044422
reprojection_error: 0.7403246375548252
